Pareto Front  (14 non-dominated circuits | HV=23.008021)
+--------------+----------+-------+-------------+---------------+-------+
| Label        | Fidelity | Depth | Total gates | 2-qubit gates | Epoch |
+--------------+----------+-------+-------------+---------------+-------+
| [0]BF        | 0.979195 |    82 |         125 |            43 |    35 |
| [1]          | 0.949643 |    84 |         125 |            34 |    39 |
| [2]          | 0.949216 |    78 |         125 |            34 |    47 |
| [3]          | 0.943898 |    79 |         125 |            33 |    49 |
| [4]          | 0.942192 |    72 |         125 |            35 |    48 |
| [5]          | 0.940932 |    75 |         125 |            33 |    47 |
| [6]          | 0.939493 |    70 |         125 |            25 |    39 |
| [7]          | 0.925182 |    69 |         125 |            27 |    49 |
| [8]          | 0.900423 |    68 |         125 |            32 |    22 |
| [9]          | 0.900406 |    67 |         125 |            27 |    26 |
| [10]         | 0.894712 |    65 |         125 |            25 |    38 |
| [11]         | 0.891371 |    65 |         125 |            21 |    38 |
| [12]         | 0.803142 |    61 |         125 |            24 |    14 |
| [13]         | 0.728356 |    74 |         125 |            19 |    18 |
+--------------+----------+-------+-------------+---------------+-------+
| Qiskit ref   | 1.000000 |    75 |         125 |            19 |    -1 |
+--------------+----------+-------+-------------+---------------+-------+
